
6695270001
6695270002
6695270003
6695270004
6695270005
6695270006
6695270007
6695270008
6695270009
6695270010
6695270011
6695270012
6695270013
6695270014
6695270015
6695270016
6695270017
6695270018
6695270019
6695270020
6695270021
6695270022
6695270023
6695270024
6695270025
6695270026
6695270027
6695270028
6695270029
6695270030
6695270031
6695270032
6695270033
6695270034
6695270035
6695270036
6695270037
6695270038
6695270039
6695270040
6695270041
6695270042
6695270043
6695270044
6695270045
6695270046
6695270047
6695270048
6695270049
6695270050
6695270051
6695270052
6695270053
6695270054
6695270055
6695270056
6695270057
6695270058
6695270059
6695270060
6695270061
6695270062
6695270063
6695270064
6695270065
6695270066
6695270067
6695270068
6695270069
6695270070
6695270071
6695270072
6695270073
6695270074
6695270075
6695270076
6695270077
6695270078
6695270079
6695270080
6695270081
6695270082
6695270083
6695270084
6695270085
6695270086
6695270087
6695270088
6695270089
6695270090
6695270091
6695270092
6695270093
6695270094
6695270095
6695270096
6695270097
6695270098
6695270099
6695270100
6695270101
6695270102
6695270103
6695270104
6695270105
6695270106
6695270107
6695270108
6695270109
6695270110
6695270111
6695270112
6695270113
6695270114
6695270115
6695270116
6695270117
6695270118
6695270119
6695270120
6695270121
6695270122
6695270123
6695270124
6695270125
6695270126
6695270127
6695270128
6695270129
6695270130
6695270131
6695270132
6695270133
6695270134
